0.000701 0.007044 0.000871 0.000000
0.001412 0.007174 0.001741 0.000000
0.002139 0.007392 0.002608 0.000000
0.002893 0.007696 0.003471 0.000000
0.003681 0.008086 0.004329 0.000000
0.004513 0.008561 0.005180 0.000000
0.005396 0.009121 0.006023 0.000000
0.006340 0.009765 0.006856 0.000000
0.007352 0.010492 0.007679 0.000000
0.008441 0.011301 0.008491 0.000000
0.009615 0.012190 0.009289 0.000000
0.010882 0.013158 0.010073 0.000000
0.012249 0.014204 0.010841 0.000000
0.013725 0.015326 0.011593 0.000000
0.015317 0.016522 0.012327 0.000000
0.017032 0.017791 0.013041 0.000000
0.018877 0.019130 0.013736 0.000000
0.020860 0.020537 0.014410 0.000000
0.022987 0.022011 0.015061 0.000000
0.025264 0.023548 0.015689 0.000000
0.027699 0.025148 0.016293 0.000000
0.030296 0.026806 0.016872 0.000000
0.033062 0.028521 0.017424 0.000000
0.036002 0.030290 0.017950 0.000000
0.039121 0.032110 0.018448 0.000000
0.042425 0.033979 0.018918 0.000000
0.045919 0.035893 0.019359 0.000000
0.049605 0.037850 0.019769 0.000000
0.053490 0.039846 0.020149 0.000000
0.057576 0.041878 0.020499 0.000000
0.061867 0.043944 0.020816 0.000000
0.066366 0.046041 0.021102 0.000000
0.071076 0.048164 0.021354 0.000000
0.075999 0.050310 0.021574 0.000000
0.081138 0.052477 0.021761 0.000000
0.086495 0.054661 0.021914 0.000000
0.092071 0.056859 0.022034 0.000000
0.097867 0.059067 0.022119 0.000000
0.103885 0.061282 0.022170 0.000000
0.110124 0.063500 0.022187 0.000000
0.116585 0.065718 0.022170 0.000000
0.123267 0.067933 0.022119 0.000000
0.130171 0.070141 0.022034 0.000000
0.137295 0.072339 0.021914 0.000000
0.144638 0.074523 0.021761 0.000000
0.152199 0.076690 0.021574 0.000000
0.159976 0.078836 0.021354 0.000000
0.167966 0.080959 0.021102 0.000000
0.176167 0.083056 0.020816 0.000000
0.184576 0.085122 0.020499 0.000000
0.193190 0.087154 0.020149 0.000000
0.202005 0.089150 0.019769 0.000000
0.211019 0.091107 0.019359 0.000000
0.220225 0.093021 0.018918 0.000000
0.229621 0.094890 0.018448 0.000000
0.239202 0.096710 0.017950 0.000000
0.248962 0.098479 0.017424 0.000000
0.258896 0.100194 0.016872 0.000000
0.268999 0.101852 0.016293 0.000000
0.279264 0.103452 0.015689 0.000000
0.289687 0.104989 0.015061 0.000000
0.300260 0.106463 0.014410 0.000000
0.310977 0.107870 0.013736 0.000000
0.321832 0.109209 0.013041 0.000000
0.332817 0.110478 0.012327 0.000000
0.343925 0.111674 0.011593 0.000000
0.355149 0.112796 0.010841 0.000000
0.366482 0.113842 0.010073 0.000000
0.377915 0.114810 0.009289 0.000000
0.389441 0.115699 0.008491 0.000000
0.401052 0.116508 0.007679 0.000000
0.412740 0.117235 0.006856 0.000000
0.424496 0.117879 0.006023 0.000000
0.436313 0.118439 0.005180 0.000000
0.448181 0.118914 0.004329 0.000000
0.460093 0.119304 0.003471 0.000000
0.472039 0.119608 0.002608 0.000000
0.484012 0.119826 0.001741 0.000000
0.496001 0.119956 0.000871 0.000000
0.508000 0.120000 0.000000 0.000000
0.520000 0.120000 0.000000 0.000000
0.532000 0.120000 0.000000 0.000000
0.544000 0.120000 0.000000 0.000000
0.556000 0.120000 0.000000 0.000000
0.568000 0.120000 0.000000 0.000000
0.580000 0.120000 0.000000 0.000000
0.592000 0.120000 0.000000 0.000000
0.604000 0.120000 0.000000 0.000000
0.616000 0.120000 0.000000 0.000000
0.628000 0.120000 0.000000 0.000000
0.640000 0.120000 0.000000 0.000000
0.652000 0.120000 0.000000 0.000000
0.664000 0.120000 0.000000 0.000000
0.676000 0.120000 0.000000 0.000000
0.688000 0.120000 0.000000 0.000000
0.700000 0.120000 0.000000 0.000000
0.712000 0.120000 0.000000 0.000000
0.724000 0.120000 0.000000 0.000000
0.736000 0.120000 0.000000 0.000000
0.748000 0.120000 0.000000 0.000000
0.760000 0.120000 0.000000 0.000000
0.772000 0.120000 0.000000 0.000000
0.784000 0.120000 0.000000 0.000000
0.796000 0.120000 0.000000 0.000000
0.808000 0.120000 0.000000 0.000000
0.820000 0.120000 0.000000 0.000000
0.832000 0.120000 0.000000 0.000000
0.844000 0.120000 0.000000 0.000000
0.856000 0.120000 0.000000 0.000000
0.868000 0.120000 0.000000 0.000000
0.880000 0.120000 0.000000 0.000000
0.892000 0.120000 0.000000 0.000000
0.904000 0.120000 0.000000 0.000000
0.916000 0.120000 0.000000 0.000000
0.928000 0.120000 0.000000 0.000000
0.940000 0.120000 0.000000 0.000000
0.952000 0.120000 0.000000 0.000000
0.964000 0.120000 0.000000 0.000000
0.976000 0.120000 0.000000 0.000000
0.988000 0.120000 0.000000 0.000000
1.000000 0.120000 0.000000 0.000000
1.012000 0.120000 0.000000 0.000000
1.024000 0.120000 0.000000 0.000000
1.036000 0.120000 0.000000 0.000000
1.048000 0.120000 0.000000 0.000000
1.060000 0.120000 0.000000 0.000000
1.072000 0.120000 0.000000 0.000000
1.084000 0.120000 0.000000 0.000000
1.096000 0.120000 0.000000 0.000000
1.108000 0.120000 0.000000 0.000000
1.120000 0.120000 0.000000 0.000000
1.132000 0.120000 0.000000 0.000000
1.144000 0.120000 0.000000 0.000000
1.156000 0.120000 0.000000 0.000000
1.168000 0.120000 0.000000 0.000000
1.180000 0.120000 0.000000 0.000000
1.192000 0.120000 0.000000 0.000000
1.204000 0.120000 0.000000 0.000000
1.216000 0.120000 0.000000 0.000000
1.228000 0.120000 0.000000 0.000000
1.240000 0.120000 0.000000 0.000000
1.252000 0.120000 0.000000 0.000000
1.264000 0.120000 0.000000 0.000000
1.276000 0.120000 0.000000 0.000000
1.288000 0.120000 0.000000 0.000000
1.300000 0.120000 0.000000 0.000000
1.312000 0.120000 0.000000 0.000000
1.324000 0.120000 0.000000 0.000000
1.336000 0.120000 0.000000 0.000000
1.348000 0.120000 0.000000 0.000000
1.360000 0.120000 0.000000 0.000000
1.372000 0.120000 0.000000 0.000000
1.384000 0.120000 0.000000 0.000000
1.396000 0.120000 0.000000 0.000000
1.408000 0.120000 0.000000 0.000000
1.420000 0.120000 0.000000 0.000000
1.432000 0.120000 0.000000 0.000000
1.444000 0.120000 0.000000 0.000000
1.456000 0.120000 0.000000 0.000000
1.468000 0.120000 0.000000 0.000000
1.480000 0.120000 0.000000 0.000000
1.492000 0.120000 0.000000 0.000000
1.504000 0.120000 0.000000 0.000000
1.516000 0.120000 0.000000 0.000000
1.528000 0.120000 0.000000 0.000000
1.540000 0.120000 0.000000 0.000000
1.552000 0.120000 0.000000 0.000000
1.564000 0.120000 0.000000 0.000000
1.576000 0.120000 0.000000 0.000000
1.588000 0.120000 0.000000 0.000000
1.600000 0.120000 0.000000 0.000000
1.612000 0.120000 0.000000 0.000000
1.624000 0.120000 0.000000 0.000000
1.636000 0.120000 0.000000 0.000000
1.648000 0.120000 0.000000 0.000000
1.660000 0.120000 0.000000 0.000000
1.672000 0.120000 0.000000 0.000000
1.684000 0.120000 0.000000 0.000000
1.696000 0.120000 0.000000 0.000000
1.708000 0.120000 0.000000 0.000000
1.720000 0.120000 0.000000 0.000000
1.732000 0.120000 0.000000 0.000000
1.744000 0.120000 0.000000 0.000000
1.756000 0.120000 0.000000 0.000000
1.768000 0.120000 0.000000 0.000000
1.780000 0.120000 0.000000 0.000000
1.792000 0.120000 0.000000 0.000000
1.804000 0.120000 0.000000 0.000000
1.816000 0.120000 0.000000 0.000000
1.828000 0.120000 0.000000 0.000000
1.840000 0.120000 0.000000 0.000000
1.852000 0.120000 0.000000 0.000000
1.864000 0.120000 0.000000 0.000000
1.876000 0.120000 0.000000 0.000000
1.888000 0.120000 0.000000 0.000000
1.900000 0.120000 0.000000 0.000000
1.912000 0.120000 0.000000 0.000000
1.924000 0.120000 0.000000 0.000000
1.936000 0.120000 0.000000 0.000000
1.948000 0.120000 0.000000 0.000000
1.960000 0.120000 0.000000 0.000000
1.972000 0.120000 0.000000 0.000000
1.984000 0.120000 0.000000 0.000000
1.996000 0.120000 0.000000 0.000000
2.008000 0.120000 0.000000 0.000000
2.020000 0.120000 0.000000 0.000000
2.032000 0.120000 0.000000 0.000000
2.044000 0.120000 0.000000 0.000000
2.056000 0.120000 0.000000 0.000000
2.068000 0.120000 0.000000 0.000000
2.080000 0.120000 0.000000 0.000000
2.092000 0.120000 0.000000 0.000000
2.104000 0.120000 0.000000 0.000000
2.116000 0.120000 0.000000 0.000000
2.128000 0.120000 0.000000 0.000000
2.140000 0.120000 0.000000 0.000000
2.152000 0.120000 0.000000 0.000000
2.164000 0.120000 0.000000 0.000000
2.176000 0.120000 0.000000 0.000000
2.188000 0.120000 0.000000 0.000000
2.200000 0.120000 0.000000 0.000000
2.212000 0.120000 0.000000 0.000000
2.224000 0.120000 0.000000 0.000000
2.236000 0.120000 0.000000 0.000000
2.248000 0.120000 0.000000 0.000000
2.260000 0.120000 0.000000 0.000000
2.272000 0.120000 0.000000 0.000000
2.284000 0.120000 0.000000 0.000000
2.296000 0.120000 0.000000 0.000000
2.308000 0.120000 0.000000 0.000000
2.320000 0.120000 0.000000 0.000000
2.332000 0.120000 0.000000 0.000000
2.344000 0.120000 0.000000 0.000000
2.356000 0.120000 0.000000 0.000000
2.368000 0.120000 0.000000 0.000000
2.380000 0.120000 0.000000 0.000000
2.392000 0.120000 0.000000 0.000000
2.404000 0.120000 0.000000 0.000000
2.416000 0.120000 0.000000 0.000000
2.428000 0.120000 0.000000 0.000000
2.440000 0.120000 0.000000 0.000000
2.452000 0.120000 0.000000 0.000000
2.464000 0.120000 0.000000 0.000000
2.476000 0.120000 0.000000 0.000000
2.488000 0.120000 0.000000 0.000000
2.500000 0.120000 0.000000 0.000000
2.512000 0.120000 0.000000 0.000000
2.524000 0.120000 0.000000 0.000000
2.536000 0.120000 0.000000 0.000000
2.548000 0.120000 -0.000000 0.000000
2.559999 0.119958 -0.000848 0.000000
2.571989 0.119830 -0.001695 0.000000
2.583962 0.119619 -0.002539 0.000000
2.595910 0.119323 -0.003379 0.000000
2.607824 0.118943 -0.004214 0.000000
2.619696 0.118480 -0.005042 0.000000
2.631517 0.117935 -0.005863 0.000000
2.643280 0.117308 -0.006674 0.000000
2.654976 0.116601 -0.007476 0.000000
2.666597 0.115813 -0.008265 0.000000
2.678136 0.114948 -0.009042 0.000000
2.689584 0.114005 -0.009805 0.000000
2.700935 0.112987 -0.010553 0.000000
2.712179 0.111895 -0.011285 0.000000
2.723311 0.110731 -0.011999 0.000000
2.734323 0.109496 -0.012695 0.000000
2.745208 0.108192 -0.013371 0.000000
2.755959 0.106822 -0.014027 0.000000
2.766570 0.105388 -0.014661 0.000000
2.777035 0.103891 -0.015272 0.000000
2.787347 0.102334 -0.015860 0.000000
2.797500 0.100720 -0.016424 0.000000
2.807489 0.099050 -0.016962 0.000000
2.817308 0.097328 -0.017474 0.000000
2.826953 0.095556 -0.017958 0.000000
2.836418 0.093737 -0.018416 0.000000
2.845699 0.091874 -0.018845 0.000000
2.854791 0.089969 -0.019244 0.000000
2.863691 0.088026 -0.019614 0.000000
2.872395 0.086048 -0.019954 0.000000
2.880900 0.084036 -0.020263 0.000000
2.889202 0.081996 -0.020541 0.000000
2.897298 0.079929 -0.020788 0.000000
2.905187 0.077839 -0.021002 0.000000
2.912865 0.075730 -0.021183 0.000000
2.920332 0.073604 -0.021333 0.000000
2.927586 0.071465 -0.021449 0.000000
2.934625 0.069315 -0.021532 0.000000
2.941448 0.067159 -0.021582 0.000000
2.948056 0.065000 -0.021598 0.000000
2.954448 0.062841 -0.021582 0.000000
2.960625 0.060685 -0.021532 0.000000
2.966586 0.058535 -0.021449 0.000000
2.972332 0.056396 -0.021333 0.000000
2.977865 0.054270 -0.021183 0.000000
2.983187 0.052161 -0.021002 0.000000
2.988298 0.050071 -0.020788 0.000000
2.993202 0.048004 -0.020541 0.000000
2.997900 0.045964 -0.020263 0.000000
3.002395 0.043952 -0.019954 0.000000
3.006691 0.041974 -0.019614 0.000000
3.010791 0.040031 -0.019244 0.000000
3.014699 0.038126 -0.018845 0.000000
3.018418 0.036263 -0.018416 0.000000
3.021953 0.034444 -0.017958 0.000000
3.025308 0.032672 -0.017474 0.000000
3.028489 0.030950 -0.016962 0.000000
3.031500 0.029280 -0.016424 0.000000
3.034347 0.027666 -0.015860 0.000000
3.037035 0.026109 -0.015272 0.000000
3.039570 0.024612 -0.014661 0.000000
3.041959 0.023178 -0.014027 0.000000
3.044208 0.021808 -0.013371 0.000000
3.046323 0.020504 -0.012695 0.000000
3.048311 0.019269 -0.011999 0.000000
3.050179 0.018105 -0.011285 0.000000
3.051935 0.017013 -0.010553 0.000000
3.053584 0.015995 -0.009805 0.000000
3.055136 0.015052 -0.009042 0.000000
3.056597 0.014187 -0.008265 0.000000
3.057976 0.013399 -0.007476 0.000000
3.059280 0.012692 -0.006674 0.000000
3.060517 0.012065 -0.005863 0.000000
3.061696 0.011520 -0.005042 0.000000
3.062824 0.011057 -0.004214 0.000000
3.063910 0.010677 -0.003379 0.000000
3.064962 0.010381 -0.002539 0.000000
3.065989 0.010170 -0.001695 0.000000
3.066999 0.010042 -0.000848 0.000000
3.259125 0.010000 -0.020000 0.000000
