120.999999 -21.000004 -94.999994 -65.999999 -52.000001 97.999997
120.999994 -21.000029 -94.999952 -65.999989 -52.000005 97.999979
120.999980 -21.000099 -94.999839 -65.999962 -52.000018 97.999928
120.999953 -21.000234 -94.999619 -65.999911 -52.000042 97.999830
120.999909 -21.000457 -94.999256 -65.999826 -52.000083 97.999668
120.999842 -21.000790 -94.998715 -65.999699 -52.000143 97.999427
120.999750 -21.001254 -94.997959 -65.999522 -52.000228 97.999090
120.999626 -21.001871 -94.996954 -65.999287 -52.000340 97.998641
120.999468 -21.002663 -94.995664 -65.998984 -52.000484 97.998065
120.999270 -21.003653 -94.994054 -65.998607 -52.000663 97.997347
120.999029 -21.004861 -94.992087 -65.998146 -52.000883 97.996469
120.998740 -21.006309 -94.989729 -65.997594 -52.001146 97.995417
120.998398 -21.008020 -94.986945 -65.996942 -52.001456 97.994175
120.998000 -21.010013 -94.983699 -65.996181 -52.001819 97.992726
120.997540 -21.012312 -94.979957 -65.995304 -52.002236 97.991056
120.997016 -21.014938 -94.975683 -65.994303 -52.002713 97.989148
120.996422 -21.017911 -94.970842 -65.993168 -52.003253 97.986987
120.995754 -21.021254 -94.965400 -65.991893 -52.003860 97.984558
120.995007 -21.024988 -94.959323 -65.990469 -52.004539 97.981845
120.994179 -21.029133 -94.952575 -65.988887 -52.005292 97.978833
120.993264 -21.033710 -94.945123 -65.987140 -52.006124 97.975505
120.992258 -21.038742 -94.936931 -65.985220 -52.007038 97.971848
120.991157 -21.044248 -94.927967 -65.983119 -52.008039 97.967845
120.989958 -21.050250 -94.918197 -65.980828 -52.009129 97.963482
120.988654 -21.056768 -94.907585 -65.978340 -52.010314 97.958743
120.987244 -21.063823 -94.896100 -65.975647 -52.011597 97.953614
120.985722 -21.071435 -94.883708 -65.972741 -52.012980 97.948078
120.984084 -21.079625 -94.870375 -65.969614 -52.014469 97.942122
120.982326 -21.088412 -94.856068 -65.966259 -52.016067 97.935731
120.980444 -21.097818 -94.840755 -65.962667 -52.017778 97.928889
120.978435 -21.107862 -94.824403 -65.958831 -52.019604 97.921582
120.976294 -21.118564 -94.806980 -65.954743 -52.021551 97.913796
120.974017 -21.129943 -94.788454 -65.950396 -52.023621 97.905516
120.971600 -21.142020 -94.768792 -65.945782 -52.025818 97.896727
120.969039 -21.154813 -94.747963 -65.940894 -52.028146 97.887416
120.966331 -21.168343 -94.725935 -65.935723 -52.030608 97.877568
120.963471 -21.182627 -94.702678 -65.930264 -52.033208 97.867169
120.960456 -21.197686 -94.678160 -65.924507 -52.035949 97.856204
120.957282 -21.213538 -94.652350 -65.918447 -52.038835 97.844661
120.953944 -21.230202 -94.625219 -65.912076 -52.041869 97.832525
120.950440 -21.247695 -94.596736 -65.905386 -52.045054 97.819783
120.946765 -21.266038 -94.566870 -65.898370 -52.048395 97.806420
120.942917 -21.285247 -94.535593 -65.891022 -52.051894 97.792424
120.938890 -21.305341 -94.502875 -65.883335 -52.055555 97.777781
120.934681 -21.326337 -94.468688 -65.875301 -52.059381 97.762478
120.930288 -21.348254 -94.433001 -65.866913 -52.063375 97.746501
120.925706 -21.371108 -94.395787 -65.858165 -52.067540 97.729839
120.920931 -21.394917 -94.357019 -65.849050 -52.071881 97.712477
120.915961 -21.419698 -94.316667 -65.839562 -52.076399 97.694403
120.910791 -21.445467 -94.274704 -65.829693 -52.081099 97.675605
120.905419 -21.472242 -94.231104 -65.819437 -52.085982 97.656070
120.899841 -21.500039 -94.185840 -65.808788 -52.091053 97.635786
120.894054 -21.528874 -94.138884 -65.797739 -52.096315 97.614741
120.888053 -21.558762 -94.090211 -65.786284 -52.101770 97.592922
120.881837 -21.589721 -94.039796 -65.774417 -52.107421 97.570317
120.875402 -21.621765 -93.987612 -65.762131 -52.113271 97.546916
120.868744 -21.654910 -93.933635 -65.749420 -52.119324 97.522706
120.861861 -21.689170 -93.877840 -65.736279 -52.125581 97.497675
120.854749 -21.724561 -93.820202 -65.722702 -52.132047 97.471813
120.847405 -21.761098 -93.760698 -65.708682 -52.138723 97.445108
120.839826 -21.798795 -93.699304 -65.694213 -52.145613 97.417549
120.832010 -21.837665 -93.635997 -65.679291 -52.152718 97.389126
120.823953 -21.877724 -93.570755 -65.663910 -52.160043 97.359828
120.815652 -21.918984 -93.503554 -65.648063 -52.167589 97.329643
120.807105 -21.961460 -93.434372 -65.631746 -52.175359 97.298563
120.798308 -22.005163 -93.363189 -65.614952 -52.183356 97.266576
120.789260 -22.050108 -93.289983 -65.597678 -52.191582 97.233673
120.779957 -22.096307 -93.214732 -65.579918 -52.200039 97.199843
120.770396 -22.143773 -93.137418 -65.561666 -52.208731 97.165077
120.760576 -22.192517 -93.058020 -65.542917 -52.217658 97.129366
120.750493 -22.242552 -92.976517 -65.523668 -52.226825 97.092700
120.740144 -22.293888 -92.892893 -65.503912 -52.236232 97.055070
120.729528 -22.346539 -92.807126 -65.483645 -52.245883 97.016467
120.718643 -22.400514 -92.719201 -65.462863 -52.255779 96.976882
120.707484 -22.455824 -92.629097 -65.441561 -52.265923 96.936307
120.696051 -22.512481 -92.536800 -65.419734 -52.276317 96.894732
120.684341 -22.570494 -92.442290 -65.397379 -52.286962 96.852150
120.672352 -22.629873 -92.345553 -65.374491 -52.297862 96.808553
120.660082 -22.690629 -92.246571 -65.351065 -52.309017 96.763933
120.647528 -22.752770 -92.145331 -65.327098 -52.320429 96.718282
120.634688 -22.816305 -92.041815 -65.302586 -52.332102 96.671593
120.621561 -22.881245 -91.936011 -65.277525 -52.344036 96.623857
120.608144 -22.947596 -91.827903 -65.251911 -52.356233 96.575069
120.594436 -23.015368 -91.717479 -65.225741 -52.368695 96.525221
120.580434 -23.084569 -91.604724 -65.199011 -52.381423 96.474306
120.566138 -23.155205 -91.489627 -65.171717 -52.394420 96.422319
120.551544 -23.227286 -91.372175 -65.143857 -52.407687 96.369251
120.536652 -23.300817 -91.252356 -65.115427 -52.421225 96.315098
120.521460 -23.375805 -91.130158 -65.086423 -52.435036 96.259854
120.505966 -23.452258 -91.005573 -65.056844 -52.449122 96.203512
120.490169 -23.530181 -90.878588 -65.026685 -52.463483 96.146068
120.474067 -23.609580 -90.749194 -64.995945 -52.478121 96.087515
120.457658 -23.690460 -90.617382 -64.964620 -52.493038 96.027848
120.440943 -23.772828 -90.483143 -64.932709 -52.508234 95.967064
120.423918 -23.856688 -90.346469 -64.900207 -52.523711 95.905156
120.406583 -23.942045 -90.207352 -64.867114 -52.539470 95.842121
120.388937 -24.028903 -90.065784 -64.833426 -52.555511 95.777954
120.370979 -24.117267 -89.921759 -64.799142 -52.571837 95.712651
120.352707 -24.207139 -89.775271 -64.764259 -52.588448 95.646208
120.334121 -24.298524 -89.626313 -64.728777 -52.605344 95.578622
120.315219 -24.391424 -89.474880 -64.692692 -52.622528 95.509889
120.296001 -24.485843 -89.320968 -64.656003 -52.639999 95.440005
120.276466 -24.581783 -89.164572 -64.618708 -52.657758 95.368968
120.256613 -24.679247 -89.005688 -64.580807 -52.675806 95.296775
120.236441 -24.778235 -88.844314 -64.542297 -52.694144 95.223423
120.215950 -24.878750 -88.680445 -64.503177 -52.712773 95.148910
120.195139 -24.980793 -88.514081 -64.463447 -52.731692 95.073233
120.174007 -25.084365 -88.345219 -64.423105 -52.750902 94.996391
120.152555 -25.189467 -88.173858 -64.382150 -52.770405 94.918382
120.130781 -25.296098 -87.999998 -64.340582 -52.790199 94.839204
120.108685 -25.404260 -87.823637 -64.298399 -52.810286 94.758856
120.086268 -25.513951 -87.644777 -64.255602 -52.830666 94.677337
120.063527 -25.625171 -87.463417 -64.212189 -52.851339 94.594645
120.040465 -25.737919 -87.279561 -64.168160 -52.872305 94.510781
120.017080 -25.852194 -87.093208 -64.123516 -52.893564 94.425744
119.993372 -25.967994 -86.904362 -64.078255 -52.915117 94.339533
119.969341 -26.085317 -86.713025 -64.032378 -52.936963 94.252149
119.944988 -26.204162 -86.519201 -63.985885 -52.959102 94.163591
119.920312 -26.324526 -86.322894 -63.938777 -52.981535 94.073861
119.895313 -26.446405 -86.124107 -63.891053 -53.004261 93.982958
119.869993 -26.569797 -85.922847 -63.842714 -53.027279 93.890883
119.844350 -26.694699 -85.719117 -63.793760 -53.050591 93.797638
119.818386 -26.821106 -85.512924 -63.744192 -53.074194 93.703223
119.792101 -26.949014 -85.304274 -63.694012 -53.098090 93.607641
119.765496 -27.078420 -85.093175 -63.643219 -53.122277 93.510893
119.738570 -27.209319 -84.879633 -63.591815 -53.146755 93.412981
119.711324 -27.341704 -84.663657 -63.539801 -53.171524 93.313906
119.683760 -27.475573 -84.445255 -63.487178 -53.196582 93.213672
119.655877 -27.610917 -84.224435 -63.433947 -53.221930 93.112280
119.627677 -27.747733 -84.001207 -63.380110 -53.247566 93.009734
119.599160 -27.886013 -83.775581 -63.325669 -53.273491 92.906037
119.570327 -28.025751 -83.547567 -63.270625 -53.299702 92.801191
119.541180 -28.166941 -83.317176 -63.214980 -53.326200 92.695200
119.511719 -28.309575 -83.084419 -63.158736 -53.352983 92.588068
119.481945 -28.453645 -82.849309 -63.101894 -53.380050 92.479799
119.451859 -28.599145 -82.611857 -63.044458 -53.407401 92.370396
119.421462 -28.746066 -82.372076 -62.986428 -53.435034 92.259864
119.390757 -28.894399 -82.129979 -62.927808 -53.462948 92.148207
119.359743 -29.044137 -81.885580 -62.868600 -53.491143 92.035429
119.328423 -29.195271 -81.638893 -62.808807 -53.519616 91.921537
119.296797 -29.347791 -81.389934 -62.748431 -53.548366 91.806534
119.264867 -29.501687 -81.138716 -62.687474 -53.577393 91.690427
119.232635 -29.656951 -80.885255 -62.625940 -53.606695 91.573220
119.200103 -29.813572 -80.629568 -62.563832 -53.636270 91.454919
119.167271 -29.971540 -80.371671 -62.501153 -53.666117 91.335530
119.134141 -30.130845 -80.111581 -62.437906 -53.696235 91.215059
119.100716 -30.291475 -79.849315 -62.374094 -53.726622 91.093513
119.066997 -30.453419 -79.584891 -62.309721 -53.757276 90.970898
119.032985 -30.616667 -79.318327 -62.244790 -53.788195 90.847220
118.998684 -30.781206 -79.049642 -62.179305 -53.819378 90.722486
118.964094 -30.947024 -78.778855 -62.113270 -53.850824 90.596705
118.929217 -31.114111 -78.505986 -62.046688 -53.882530 90.469881
118.894057 -31.282452 -78.231055 -61.979563 -53.914494 90.342024
118.858614 -31.452035 -77.954081 -61.911899 -53.946715 90.213141
118.822891 -31.622848 -77.675086 -61.843701 -53.979190 90.083239
118.786890 -31.794877 -77.394091 -61.774972 -54.011918 89.952327
118.750614 -31.968109 -77.111118 -61.705717 -54.044897 89.820413
118.714064 -32.142531 -76.826189 -61.635940 -54.078124 89.687505
118.677243 -32.318127 -76.539325 -61.565646 -54.111597 89.553612
118.640154 -32.494884 -76.250551 -61.494840 -54.145314 89.418743
118.602799 -32.672788 -75.959889 -61.423525 -54.179274 89.282905
118.565180 -32.851824 -75.667362 -61.351708 -54.213473 89.146110
118.527300 -33.031977 -75.372996 -61.279392 -54.247909 89.008365
118.489162 -33.213232 -75.076813 -61.206582 -54.282580 88.869681
118.450768 -33.395574 -74.778839 -61.133285 -54.317483 88.730066
118.412121 -33.578987 -74.479100 -61.059504 -54.352617 88.589532
118.373224 -33.763455 -74.177619 -60.985246 -54.387978 88.448087
118.334079 -33.948962 -73.874424 -60.910514 -54.423565 88.305742
118.294689 -34.135493 -73.569540 -60.835316 -54.459373 88.162507
118.255058 -34.323030 -73.262994 -60.759656 -54.495402 88.018393
118.215188 -34.511558 -72.954813 -60.683540 -54.531648 87.873410
118.175081 -34.701059 -72.645024 -60.606974 -54.568108 87.727569
118.134742 -34.891516 -72.333654 -60.529963 -54.604780 87.580881
118.094173 -35.082912 -72.020731 -60.452513 -54.641661 87.433357
118.053377 -35.275229 -71.706284 -60.374630 -54.678748 87.285009
118.012358 -35.468451 -71.390340 -60.296320 -54.716038 87.135847
117.971118 -35.662559 -71.072929 -60.217589 -54.753529 86.985884
117.929661 -35.857535 -70.754080 -60.138444 -54.791217 86.835131
117.887990 -36.053361 -70.433822 -60.058890 -54.829100 86.683600
117.846108 -36.250019 -70.112185 -59.978934 -54.867174 86.531302
117.804019 -36.447490 -69.789198 -59.898582 -54.905437 86.378251
117.761726 -36.645756 -69.464892 -59.817841 -54.943885 86.224458
117.719232 -36.844797 -69.139297 -59.736717 -54.982516 86.069936
117.676542 -37.044595 -68.812444 -59.655216 -55.021326 85.914698
117.633658 -37.245131 -68.484364 -59.573346 -55.060311 85.758755
117.590583 -37.446385 -68.155089 -59.491113 -55.099470 85.602121
117.547322 -37.648338 -67.824649 -59.408525 -55.138798 85.444809
117.503879 -37.850971 -67.493077 -59.325586 -55.178292 85.286831
117.460256 -38.054263 -67.160404 -59.242306 -55.217950 85.128202
117.416457 -38.258194 -66.826662 -59.158690 -55.257767 84.968934
117.372486 -38.462746 -66.491885 -59.074746 -55.297740 84.809040
117.328347 -38.667897 -66.156104 -58.990481 -55.337866 84.648535
117.284044 -38.873627 -65.819352 -58.905902 -55.378142 84.487432
117.239580 -39.079916 -65.481663 -58.821016 -55.418564 84.325745
117.194959 -39.286744 -65.143069 -58.735831 -55.459128 84.163487
117.150185 -39.494090 -64.803605 -58.650353 -55.499832 84.000673
117.105262 -39.701933 -64.463303 -58.564591 -55.540671 83.837316
117.060194 -39.910252 -64.122197 -58.478552 -55.581642 83.673431
117.014984 -40.119027 -63.780321 -58.392242 -55.622742 83.509033
116.969637 -40.328236 -63.437710 -58.305671 -55.663966 83.344134
116.924157 -40.537859 -63.094397 -58.218844 -55.705312 83.178751
116.878547 -40.747874 -62.750417 -58.131771 -55.746776 83.012897
116.832812 -40.958260 -62.405804 -58.044458 -55.788353 82.846587
116.786955 -41.168996 -62.060593 -57.956914 -55.830041 82.679836
116.740981 -41.380060 -61.714819 -57.869146 -55.871835 82.512659
116.694894 -41.591431 -61.368516 -57.781162 -55.913732 82.345070
116.648698 -41.803088 -61.021720 -57.692970 -55.955729 82.177085
116.602398 -42.015008 -60.674465 -57.604577 -55.997820 82.008718
116.555996 -42.227170 -60.326786 -57.515992 -56.040004 81.839985
116.509498 -42.439553 -59.978720 -57.427223 -56.082275 81.670901
116.462907 -42.652134 -59.630301 -57.338277 -56.124630 81.501481
116.416228 -42.864892 -59.281564 -57.249163 -56.167065 81.331740
116.369466 -43.077806 -58.932546 -57.159889 -56.209577 81.161694
116.322623 -43.290853 -58.583281 -57.070463 -56.252161 80.991357
116.275705 -43.504011 -58.233805 -56.980892 -56.294813 80.820747
116.228716 -43.717258 -57.884154 -56.891186 -56.337531 80.649877
116.181660 -43.930574 -57.534363 -56.801351 -56.380309 80.478764
116.134542 -44.143935 -57.184468 -56.711398 -56.423144 80.307424
116.087365 -44.357319 -56.834505 -56.621332 -56.466032 80.135871
116.040134 -44.570709 -56.484510 -56.531164 -56.508970 79.964122
115.992853 -44.784098 -56.134510 -56.440901 -56.551952 79.792192
115.945527 -44.997487 -55.784510 -56.350551 -56.594976 79.620098
115.898160 -45.210877 -55.434510 -56.260123 -56.638037 79.447854
115.850756 -45.424266 -55.084510 -56.169625 -56.681131 79.275477
115.803320 -45.637655 -54.734510 -56.079066 -56.724255 79.102982
115.755856 -45.851045 -54.384510 -55.988453 -56.767404 78.930386
115.708369 -46.064434 -54.034510 -55.897795 -56.810574 78.757704
115.660862 -46.277823 -53.684510 -55.807100 -56.853762 78.584952
115.613340 -46.491213 -53.334510 -55.716377 -56.896963 78.412147
115.565808 -46.704602 -52.984510 -55.625634 -56.940174 78.239303
115.518270 -46.917991 -52.634510 -55.534880 -56.983391 78.066437
115.470730 -47.131381 -52.284510 -55.444122 -57.026609 77.893565
115.423193 -47.344770 -51.934510 -55.353369 -57.069824 77.720703
115.375663 -47.558159 -51.584510 -55.262630 -57.113033 77.547867
115.328145 -47.771549 -51.234510 -55.171913 -57.156232 77.375073
115.280642 -47.984938 -50.884510 -55.081226 -57.199416 77.202336
115.233160 -48.198327 -50.534510 -54.990578 -57.242582 77.029672
115.185702 -48.411717 -50.184510 -54.899976 -57.285725 76.857098
115.138273 -48.625106 -49.834510 -54.809430 -57.328843 76.684629
115.090877 -48.838495 -49.484510 -54.718948 -57.371930 76.512282
115.043519 -49.051885 -49.134510 -54.628537 -57.414982 76.340071
114.996204 -49.265274 -48.784510 -54.538207 -57.457997 76.168013
114.948934 -49.478663 -48.434510 -54.447965 -57.500969 75.996124
114.901715 -49.692053 -48.084519 -54.357820 -57.543895 75.824418
114.854551 -49.905434 -47.734569 -54.267780 -57.586772 75.652913
114.807447 -50.118786 -47.384695 -54.177853 -57.629594 75.481624
114.760406 -50.332088 -47.034933 -54.088047 -57.672358 75.310566
114.713433 -50.545317 -46.685319 -53.998371 -57.715061 75.139755
114.666532 -50.758451 -46.335889 -53.908834 -57.757698 74.969207
114.619707 -50.971469 -45.986678 -53.819442 -57.800266 74.798936
114.572964 -51.184348 -45.637722 -53.730204 -57.842760 74.628959
114.526305 -51.397068 -45.289055 -53.641128 -57.885177 74.459291
114.479735 -51.609605 -44.940715 -53.552222 -57.927513 74.289947
114.433259 -51.821939 -44.592735 -53.463495 -57.969764 74.120943
114.386881 -52.034047 -44.245151 -53.374954 -58.011927 73.952293
114.340604 -52.245908 -43.897999 -53.286607 -58.053997 73.784013
114.294433 -52.457500 -43.551314 -53.198462 -58.095970 73.616118
114.248371 -52.668802 -43.205130 -53.110527 -58.137844 73.448624
114.202425 -52.879792 -42.859483 -53.022810 -58.179614 73.281544
114.156596 -53.090449 -42.514408 -52.935319 -58.221277 73.114893
114.110889 -53.300751 -42.169938 -52.848061 -58.262828 72.948688
114.065309 -53.510678 -41.826109 -52.761044 -58.304265 72.782942
114.019859 -53.720207 -41.482956 -52.674276 -58.345583 72.617669
113.974543 -53.929317 -41.140512 -52.587765 -58.386779 72.452885
113.929366 -54.137989 -40.798811 -52.501517 -58.427849 72.288604
113.884331 -54.346199 -40.457888 -52.415541 -58.468790 72.124840
113.839442 -54.553929 -40.117777 -52.329844 -58.509598 71.961608
113.794703 -54.761157 -39.778511 -52.244434 -58.550270 71.798921
113.750118 -54.967862 -39.440124 -52.159317 -58.590802 71.636794
113.705691 -55.174024 -39.102649 -52.074501 -58.631190 71.475241
113.661426 -55.379622 -38.766119 -51.989994 -58.671431 71.314275
113.617325 -55.584636 -38.430567 -51.905803 -58.711523 71.153910
113.573394 -55.789045 -38.096026 -51.821934 -58.751460 70.994160
113.529636 -55.992831 -37.762529 -51.738395 -58.791240 70.835039
113.486054 -56.195972 -37.430108 -51.655193 -58.830860 70.676559
113.442652 -56.398449 -37.098795 -51.572335 -58.870316 70.518734
113.399434 -56.600242 -36.768622 -51.489828 -58.909606 70.361578
113.356403 -56.801332 -36.439620 -51.407679 -58.948724 70.205103
113.313563 -57.001699 -36.111821 -51.325894 -58.987670 70.049322
113.270918 -57.201323 -35.785257 -51.244480 -59.026438 69.894248
113.228471 -57.400187 -35.459957 -51.163444 -59.065027 69.739893
113.186224 -57.598271 -35.135954 -51.082792 -59.103432 69.586271
113.144183 -57.795555 -34.813276 -51.002531 -59.141652 69.433393
113.102350 -57.992022 -34.491955 -50.922668 -59.179682 69.281272
113.060728 -58.187653 -34.172021 -50.843208 -59.217520 69.129919
113.019321 -58.382430 -33.853502 -50.764158 -59.255163 68.979348
112.978132 -58.576335 -33.536428 -50.685524 -59.292608 68.829569
112.937164 -58.769349 -33.220828 -50.607312 -59.329851 68.680595
112.896420 -58.961455 -32.906731 -50.529529 -59.366891 68.532436
112.855904 -59.152635 -32.594165 -50.452180 -59.403724 68.385105
112.815618 -59.342872 -32.283158 -50.375271 -59.440347 68.238612
112.775566 -59.532149 -31.973739 -50.298809 -59.476758 68.092969
112.735751 -59.720449 -31.665933 -50.222798 -59.512954 67.948186
112.696175 -59.907755 -31.359770 -50.147244 -59.548932 67.804274
112.656842 -60.094050 -31.055274 -50.072153 -59.584689 67.661244
112.617754 -60.279319 -30.752473 -49.997531 -59.620223 67.519106
112.578915 -60.463544 -30.451394 -49.923382 -59.655532 67.377871
112.540326 -60.646711 -30.152060 -49.849713 -59.690613 67.237549
112.501991 -60.828802 -29.854499 -49.776528 -59.725463 67.098148
112.463912 -61.009804 -29.558734 -49.703832 -59.760080 66.959681
112.426093 -61.189700 -29.264791 -49.631631 -59.794461 66.822155
112.388535 -61.368475 -28.972694 -49.559930 -59.828605 66.685580
112.351241 -61.546115 -28.682466 -49.488732 -59.862508 66.549966
112.314213 -61.722605 -28.394132 -49.418044 -59.896170 66.415322
112.277455 -61.897931 -28.107714 -49.347869 -59.929586 66.281656
112.240969 -62.072078 -27.823235 -49.278213 -59.962756 66.148977
112.204756 -62.245033 -27.540718 -49.209079 -59.995677 66.017294
112.168819 -62.416782 -27.260184 -49.140473 -60.028346 65.886615
112.133161 -62.587311 -26.981655 -49.072398 -60.060763 65.756948
112.097783 -62.756609 -26.705152 -49.004858 -60.092925 65.628302
112.062688 -62.924660 -26.430696 -48.937859 -60.124829 65.500683
112.027878 -63.091454 -26.158307 -48.871403 -60.156475 65.374100
111.993354 -63.256978 -25.888004 -48.805494 -60.187860 65.248560
111.959119 -63.421219 -25.619809 -48.740137 -60.218982 65.124070
111.925175 -63.584167 -25.353738 -48.675335 -60.249841 65.000638
111.891524 -63.745808 -25.089812 -48.611091 -60.280433 64.878269
111.858167 -63.906132 -24.828048 -48.547410 -60.310757 64.756971
111.825106 -64.065128 -24.568463 -48.484294 -60.340812 64.636750
111.792343 -64.222786 -24.311076 -48.421747 -60.370597 64.517613
111.759880 -64.379094 -24.055903 -48.359771 -60.400109 64.399564
111.727718 -64.534042 -23.802960 -48.298371 -60.429347 64.282611
111.695859 -64.687621 -23.552263 -48.237548 -60.458310 64.166759
111.664303 -64.839821 -23.303828 -48.177307 -60.486997 64.052013
111.633054 -64.990632 -23.057669 -48.117648 -60.515406 63.938378
111.602111 -65.140046 -22.813802 -48.058576 -60.543535 63.825859
111.571477 -65.288054 -22.572239 -48.000093 -60.571384 63.714462
111.541153 -65.434646 -22.332996 -47.942200 -60.598952 63.604191
111.511139 -65.579816 -22.096085 -47.884901 -60.626238 63.495050
111.481437 -65.723555 -21.861518 -47.828198 -60.653239 63.387043
111.452048 -65.865855 -21.629307 -47.772092 -60.679956 63.280175
111.422973 -66.006709 -21.399465 -47.716586 -60.706388 63.174449
111.394214 -66.146111 -21.172003 -47.661681 -60.732533 63.069869
111.365770 -66.284053 -20.946931 -47.607380 -60.758391 62.966437
111.337643 -66.420529 -20.724259 -47.553683 -60.783960 62.864158
111.309834 -66.555532 -20.503998 -47.500593 -60.809241 62.763034
111.282344 -66.689058 -20.286156 -47.448111 -60.834233 62.663068
111.255172 -66.821100 -20.070742 -47.396238 -60.858935 62.564262
111.228320 -66.951653 -19.857765 -47.344975 -60.883345 62.466619
111.201789 -67.080713 -19.647232 -47.294324 -60.907465 62.370140
111.175578 -67.208275 -19.439150 -47.244285 -60.931293 62.274828
111.149688 -67.334334 -19.233527 -47.194859 -60.954829 62.180684
111.124120 -67.458887 -19.030368 -47.146047 -60.978073 62.087709
111.098874 -67.581929 -18.829679 -47.097851 -61.001024 61.995906
111.073950 -67.703458 -18.631466 -47.050269 -61.023682 61.905274
111.049349 -67.823470 -18.435732 -47.003303 -61.046046 61.815815
111.025070 -67.941963 -18.242483 -46.956952 -61.068118 61.727528
111.001114 -68.058935 -18.051723 -46.911218 -61.089896 61.640416
110.977481 -68.174382 -17.863453 -46.866100 -61.111381 61.554476
110.954170 -68.288304 -17.677678 -46.821598 -61.132572 61.469711
110.931182 -68.400698 -17.494399 -46.777712 -61.153471 61.386118
110.908517 -68.511565 -17.313618 -46.734441 -61.174076 61.303698
110.886174 -68.620902 -17.135336 -46.691786 -61.194388 61.222450
110.864153 -68.728709 -16.959554 -46.649746 -61.214407 61.142373
110.842453 -68.834987 -16.786272 -46.608319 -61.234134 61.063465
110.821075 -68.939734 -16.615489 -46.567506 -61.253568 60.985726
110.800017 -69.042953 -16.447205 -46.527306 -61.272711 60.909154
110.779280 -69.144642 -16.281418 -46.487717 -61.291563 60.833747
110.758863 -69.244804 -16.118127 -46.448739 -61.310124 60.759503
110.738765 -69.343439 -15.957329 -46.410370 -61.328395 60.686419
110.718986 -69.440550 -15.799022 -46.372609 -61.346377 60.614493
110.699524 -69.536138 -15.643201 -46.335455 -61.364069 60.543724
110.680379 -69.630205 -15.489862 -46.298906 -61.381473 60.474106
110.661551 -69.722755 -15.339003 -46.262960 -61.398590 60.405639
110.643037 -69.813789 -15.190617 -46.227616 -61.415421 60.338317
110.624838 -69.903312 -15.044699 -46.192873 -61.431965 60.272138
110.606952 -69.991327 -14.901243 -46.158727 -61.448225 60.207099
110.589378 -70.077837 -14.760243 -46.125177 -61.464202 60.143194
110.572115 -70.162847 -14.621691 -46.092220 -61.479895 60.080420
110.555162 -70.246362 -14.485581 -46.059856 -61.495307 60.018773
110.538518 -70.328385 -14.351905 -46.028080 -61.510438 59.958247
110.522181 -70.408923 -14.220653 -45.996890 -61.525290 59.898839
110.506149 -70.487980 -14.091818 -45.966285 -61.539864 59.840543
110.490422 -70.565562 -13.965389 -45.936261 -61.554161 59.783354
110.474998 -70.641675 -13.841357 -45.906815 -61.568183 59.727267
110.459876 -70.716326 -13.719711 -45.877945 -61.581931 59.672275
110.445053 -70.789520 -13.600440 -45.849646 -61.595406 59.618374
110.430528 -70.861266 -13.483534 -45.821918 -61.608611 59.565557
110.416300 -70.931570 -13.368980 -45.794755 -61.621545 59.513818
110.402367 -71.000439 -13.256765 -45.768154 -61.634212 59.463151
110.388726 -71.067882 -13.146878 -45.742113 -61.646613 59.413549
110.375376 -71.133906 -13.039305 -45.716628 -61.658749 59.365005
110.362316 -71.198519 -12.934031 -45.691694 -61.670622 59.317512
110.349542 -71.261732 -12.831043 -45.667308 -61.682234 59.271063
110.337054 -71.323551 -12.730327 -45.643467 -61.693587 59.225652
110.324849 -71.383987 -12.631866 -45.620166 -61.704683 59.181269
110.312925 -71.443050 -12.535646 -45.597401 -61.715523 59.137907
110.301279 -71.500748 -12.441649 -45.575169 -61.726110 59.095560
110.289910 -71.557092 -12.349861 -45.553464 -61.736446 59.054217
110.278815 -71.612093 -12.260263 -45.532282 -61.746532 59.013871
110.267991 -71.665760 -12.172838 -45.511620 -61.756371 58.974514
110.257438 -71.718106 -12.087569 -45.491472 -61.765966 58.936137
110.247151 -71.769140 -12.004437 -45.471834 -61.775317 58.898731
110.237129 -71.818875 -11.923424 -45.452700 -61.784428 58.862287
110.227369 -71.867323 -11.844509 -45.434067 -61.793301 58.826795
110.217868 -71.914494 -11.767674 -45.415930 -61.801938 58.792247
110.208624 -71.960402 -11.692899 -45.398282 -61.810342 58.758632
110.199634 -72.005058 -11.620162 -45.381120 -61.818515 58.725942
110.190896 -72.048477 -11.549444 -45.364437 -61.826459 58.694166
110.182406 -72.090670 -11.480723 -45.348229 -61.834177 58.663293
110.174162 -72.131651 -11.413977 -45.332490 -61.841671 58.633315
110.166161 -72.171433 -11.349184 -45.317216 -61.848945 58.604220
110.158399 -72.210031 -11.286322 -45.302399 -61.856001 58.575998
110.150875 -72.247458 -11.225367 -45.288035 -61.862841 58.548638
110.143585 -72.283728 -11.166297 -45.274118 -61.869468 58.522129
110.136527 -72.318857 -11.109088 -45.260642 -61.875885 58.496460
110.129696 -72.352858 -11.053716 -45.247601 -61.882095 58.471620
110.123090 -72.385747 -11.000155 -45.234989 -61.888100 58.447598
110.116705 -72.417538 -10.948383 -45.222801 -61.893904 58.424382
110.110539 -72.448248 -10.898373 -45.211029 -61.899510 58.401961
110.104588 -72.477891 -10.850100 -45.199669 -61.904920 58.380322
110.098850 -72.506484 -10.803538 -45.188713 -61.910137 58.359453
110.093319 -72.534043 -10.758661 -45.178155 -61.915164 58.339344
110.087995 -72.560584 -10.715442 -45.167990 -61.920005 58.319980
110.082872 -72.586123 -10.673855 -45.158209 -61.924662 58.301351
110.077947 -72.610678 -10.633872 -45.148808 -61.929139 58.283443
110.073217 -72.634264 -10.595465 -45.139778 -61.933439 58.266245
110.068679 -72.656900 -10.558607 -45.131114 -61.937565 58.249742
110.064329 -72.678602 -10.523270 -45.122809 -61.941519 58.233922
110.060163 -72.699388 -10.489425 -45.114856 -61.945307 58.218773
110.056177 -72.719276 -10.457043 -45.107247 -61.948930 58.204281
110.052369 -72.738282 -10.426095 -45.099977 -61.952392 58.190432
110.048734 -72.756427 -10.396552 -45.093038 -61.955696 58.177215
110.045269 -72.773727 -10.368384 -45.086422 -61.958847 58.164614
110.041969 -72.790201 -10.341562 -45.080123 -61.961846 58.152616
110.038832 -72.805868 -10.316054 -45.074134 -61.964698 58.141208
110.035853 -72.820746 -10.291830 -45.068447 -61.967406 58.130375
110.033029 -72.834854 -10.268860 -45.063055 -61.969974 58.120105
110.030355 -72.848212 -10.247112 -45.057951 -61.972404 58.110382
110.027828 -72.860837 -10.226556 -45.053126 -61.974702 58.101193
110.025444 -72.872751 -10.207160 -45.048575 -61.976869 58.092524
110.023199 -72.883972 -10.188892 -45.044288 -61.978910 58.084359
110.021088 -72.894520 -10.171719 -45.040260 -61.980829 58.076685
110.019109 -72.904414 -10.155611 -45.036481 -61.982628 58.069487
110.017257 -72.913675 -10.140533 -45.032944 -61.984312 58.062751
110.015527 -72.922323 -10.126455 -45.029642 -61.985885 58.056462
110.013916 -72.930377 -10.113343 -45.026567 -61.987349 58.050604
110.012420 -72.937858 -10.101163 -45.023711 -61.988709 58.045164
110.011035 -72.944787 -10.089883 -45.021066 -61.989968 58.040126
110.009756 -72.951184 -10.079469 -45.018625 -61.991131 58.035475
110.008579 -72.957069 -10.069888 -45.016378 -61.992201 58.031197
110.007501 -72.962464 -10.061106 -45.014320 -61.993181 58.027276
110.006516 -72.967388 -10.053089 -45.012440 -61.994076 58.023696
110.005622 -72.971864 -10.045802 -45.010733 -61.994889 58.020443
110.004813 -72.975912 -10.039213 -45.009188 -61.995625 58.017501
110.004085 -72.979553 -10.033285 -45.007799 -61.996286 58.014855
110.003435 -72.982809 -10.027986 -45.006557 -61.996878 58.012489
110.002857 -72.985700 -10.023279 -45.005454 -61.997403 58.010389
110.002348 -72.988248 -10.019131 -45.004482 -61.997866 58.008537
110.001903 -72.990474 -10.015507 -45.003633 -61.998270 58.006920
110.001518 -72.992401 -10.012371 -45.002898 -61.998620 58.005520
110.001189 -72.994048 -10.009688 -45.002270 -61.998919 58.004323
110.000911 -72.995439 -10.007424 -45.001739 -61.999172 58.003313
110.000680 -72.996595 -10.005543 -45.001299 -61.999382 58.002473
110.000492 -72.997537 -10.004010 -45.000939 -61.999553 58.001789
110.000342 -72.998287 -10.002789 -45.000653 -61.999689 58.001244
110.000226 -72.998867 -10.001845 -45.000432 -61.999794 58.000823
110.000140 -72.999298 -10.001142 -45.000268 -61.999873 58.000510
110.000079 -72.999604 -10.000645 -45.000151 -61.999928 58.000288
110.000039 -72.999804 -10.000319 -45.000075 -61.999964 58.000142
110.000015 -72.999922 -10.000126 -45.000030 -61.999986 58.000056
110.000004 -72.999980 -10.000033 -45.000008 -61.999996 58.000015
110.000000 -72.999998 -10.000003 -45.000001 -62.000000 58.000001
110.000000 -73.000000 -10.000000 -45.000000 -62.000000 58.000000
