0.002191 0.010970 0.017857 0.004183 0.001992 0.007967
0.008763 0.043876 0.071424 0.016730 0.007967 0.031866
0.019716 0.098713 0.160690 0.037639 0.017923 0.071694
0.035046 0.175468 0.285637 0.066907 0.031860 0.127442
0.054752 0.274126 0.446239 0.104527 0.049775 0.199100
0.078830 0.394667 0.642464 0.150494 0.071664 0.286656
0.107275 0.537067 0.874271 0.204798 0.097523 0.390092
0.140082 0.701294 1.141614 0.267430 0.127348 0.509391
0.177246 0.887317 1.444437 0.338378 0.161132 0.644529
0.218758 1.095096 1.782679 0.417628 0.198871 0.795483
0.264611 1.324590 2.156272 0.505167 0.240556 0.962223
0.314798 1.575750 2.565137 0.600978 0.286180 1.144721
0.369309 1.848525 3.009193 0.705044 0.335735 1.342941
0.428133 2.142859 3.488349 0.817345 0.389212 1.556847
0.491260 2.458692 4.002506 0.937860 0.446600 1.786401
0.558679 2.795958 4.551560 1.066568 0.507890 2.031559
0.630376 3.154589 5.135399 1.203445 0.573069 2.292276
0.706339 3.534510 5.753904 1.348465 0.642126 2.568504
0.786553 3.935643 6.406948 1.501602 0.715048 2.860193
0.871004 4.357906 7.094398 1.662827 0.791822 3.167289
0.959677 4.801212 7.816114 1.832111 0.872434 3.489734
1.052554 5.265470 8.571949 2.009422 0.956868 3.827471
1.149620 5.750585 9.361748 2.194728 1.045109 4.180435
1.250855 6.256456 10.185350 2.387995 1.137141 4.548563
1.356241 6.782979 11.042587 2.589188 1.232946 4.931786
1.465759 7.330047 11.933285 2.798268 1.332508 5.330034
1.579389 7.897547 12.857261 3.015197 1.435808 5.743233
1.697109 8.485363 13.814326 3.239936 1.542827 6.171307
1.818899 9.093372 14.804286 3.472443 1.653544 6.614178
1.944735 9.721451 15.826938 3.712675 1.767941 7.071763
2.074594 10.369470 16.882075 3.960588 1.885995 7.543978
2.208453 11.037296 17.969479 4.216137 2.007684 8.030737
2.346286 11.724791 19.088930 4.479273 2.132987 8.531949
2.488068 12.431815 20.240199 4.749949 2.261880 9.047522
2.633774 13.158221 21.423052 5.028114 2.394340 9.577361
2.783376 13.903861 22.637246 5.313718 2.530342 10.121368
2.936847 14.668581 23.882533 5.606708 2.669861 10.679444
3.094158 15.452224 25.158661 5.907029 2.812871 11.251485
3.255281 16.254628 26.465368 6.214627 2.959346 11.837385
3.420185 17.075630 27.802388 6.529445 3.109259 12.437037
3.588841 17.915059 29.169447 6.851424 3.262583 13.050331
3.761217 18.772744 30.566267 7.180505 3.419288 13.677152
3.937281 19.648508 31.992563 7.516628 3.579347 14.317387
4.117002 20.542170 33.448044 7.859731 3.742729 14.970915
4.300345 21.453548 34.932413 8.209750 3.909405 15.637618
4.487277 22.382453 36.445366 8.566620 4.079343 16.317372
4.677764 23.328695 37.986595 8.930277 4.252513 17.010052
4.871771 24.292080 39.555785 9.300653 4.428883 17.715530
5.069261 25.272408 41.152617 9.677680 4.608419 18.433677
5.270199 26.269479 42.776764 10.061288 4.791090 19.164359
5.474546 27.283087 44.427895 10.451407 4.976860 19.907442
5.682267 28.313024 46.105673 10.847964 5.165697 20.662789
5.893322 29.359079 47.809756 11.250887 5.357565 21.430261
6.107672 30.421036 49.539795 11.660101 5.552429 22.209716
6.325278 31.498676 51.295438 12.075531 5.750253 23.001011
6.546100 32.591779 53.076326 12.497100 5.951000 23.804000
6.770097 33.700119 54.882096 12.924731 6.154634 24.618535
6.997228 34.823469 56.712380 13.358344 6.361116 25.444465
7.227451 35.961597 58.566803 13.797861 6.570410 26.281639
7.460723 37.114270 60.444988 14.243198 6.782475 27.129902
7.697002 38.281250 62.346552 14.694276 6.997274 27.989097
7.936243 39.462297 64.271105 15.151010 7.214767 28.859067
8.178404 40.657170 66.218256 15.613317 7.434913 29.739651
8.423439 41.865621 68.187606 16.081110 7.657671 30.630686
8.671302 43.087403 70.178755 16.554304 7.883002 31.532008
8.921949 44.322264 72.191295 17.032812 8.110863 32.443452
9.175333 45.569951 74.224817 17.516546 8.341212 33.364849
9.431408 46.830206 76.278904 18.005415 8.574007 34.296029
9.690126 48.102771 78.353139 18.499331 8.809205 35.236821
9.951439 49.387384 80.447096 18.998202 9.046763 36.187051
10.215300 50.683780 82.560350 19.501936 9.286636 37.146545
10.481659 51.991694 84.692469 20.010440 9.528781 38.115124
10.750468 53.310857 86.843018 20.523621 9.773153 39.092611
11.021677 54.640996 89.011558 21.041383 10.019706 40.078825
11.295236 55.981839 91.197646 21.563632 10.268396 41.073586
11.571095 57.333110 93.400836 22.090272 10.519177 42.076708
11.849202 58.694530 95.620679 22.621204 10.772002 43.088008
12.129507 60.065821 97.856721 23.156332 11.026825 44.107298
12.411958 61.446700 100.108507 23.695556 11.283598 45.134392
12.696502 62.836883 102.375576 24.238777 11.542275 46.169099
12.983088 64.236084 104.657467 24.785896 11.802807 47.211230
13.271662 65.644016 106.953712 25.336810 12.065148 48.260591
13.562172 67.060389 109.263845 25.891419 12.329247 49.316989
13.854563 68.484911 111.587393 26.449621 12.595058 50.380231
14.148783 69.917291 113.923882 27.011312 12.862530 51.450119
14.444775 71.357233 116.272835 27.576389 13.131614 52.526456
14.742487 72.804441 118.633774 28.144748 13.402261 53.609044
15.041863 74.258618 121.006215 28.716284 13.674421 54.697684
15.342848 75.719464 123.389675 29.290892 13.948044 55.792175
15.645386 77.186680 125.783668 29.868465 14.223079 56.892314
15.949422 78.659964 128.187705 30.448897 14.499475 57.997900
16.254900 80.139012 130.601295 31.032082 14.777182 59.108728
16.561763 81.623520 133.023946 31.617912 15.056148 60.224594
16.869955 83.113184 135.455164 32.206278 15.336323 61.345292
17.179419 84.607697 137.894451 32.797073 15.617654 62.470615
17.490098 86.106751 140.341311 33.390187 15.900089 63.600356
17.801934 87.610039 142.795245 33.985511 16.183577 64.734306
18.114871 89.117251 145.255750 34.582935 16.468064 65.872257
18.428850 90.628078 147.722326 35.182350 16.753500 67.013999
18.743813 92.142208 150.194468 35.783644 17.039830 68.159322
19.059704 93.659330 152.671673 36.386707 17.327003 69.308013
19.376462 95.179133 155.153434 36.991428 17.614966 70.459862
19.694031 96.701304 157.639246 37.597695 17.903664 71.614656
20.012350 98.225530 160.128600 38.205396 18.193046 72.772183
20.331363 99.751497 162.620990 38.814420 18.483057 73.932228
20.651009 101.278892 165.115905 39.424654 18.773645 75.094579
20.971230 102.807400 167.612838 40.035985 19.064755 76.259020
21.291968 104.336708 170.111279 40.648302 19.356334 77.425337
21.613162 105.866500 172.610717 41.261490 19.648329 78.593315
21.934753 107.396463 175.110643 41.875438 19.940685 79.762739
22.256683 108.926282 177.610546 42.490032 20.233348 80.933393
22.578892 110.455642 180.109916 43.105158 20.526266 82.105062
22.901321 111.984228 182.608244 43.720703 20.819382 83.277529
23.223909 113.511727 185.105019 44.336554 21.112645 84.450579
23.546598 115.037824 187.599732 44.952597 21.405999 85.623994
23.869329 116.562205 190.091873 45.568719 21.699390 86.797559
24.192041 118.084558 192.580934 46.184805 21.992764 87.971058
24.514675 119.604568 195.066408 46.800744 22.286068 89.144274
24.837172 121.121924 197.547787 47.416420 22.579248 90.316990
25.159473 122.636313 200.024563 48.031720 22.872248 91.488991
25.481517 124.147424 202.496233 48.646532 23.165015 92.660061
25.803245 125.654946 204.962292 49.260741 23.457496 93.829983
26.124599 127.158570 207.422236 49.874235 23.749636 94.998543
26.445519 128.657986 209.875563 50.486900 24.041381 96.165524
26.765946 130.152885 212.321773 51.098623 24.332678 97.330711
27.085820 131.642961 214.760367 51.709292 24.623473 98.493890
27.405083 133.127907 217.190846 52.318795 24.913712 99.654847
27.723676 134.607418 219.612715 52.927017 25.203342 100.813367
28.041540 136.081189 222.025479 53.533849 25.492309 101.969236
28.358617 137.548917 224.428647 54.139177 25.780560 103.122242
28.674847 139.010301 226.821727 54.742890 26.068043 104.272172
28.990174 140.465041 229.204232 55.344878 26.354704 105.418814
29.304538 141.912836 231.575674 55.945028 26.640489 106.561957
29.617882 143.353389 233.935571 56.543230 26.925348 107.701390
29.930148 144.786404 236.283440 57.139374 27.209226 108.836903
30.241279 146.211587 238.618803 57.733350 27.492072 109.968286
30.551216 147.628644 240.941183 58.325049 27.773833 111.095332
30.859904 149.037284 243.250105 58.914362 28.054458 112.217832
31.167284 150.437217 245.545099 59.501179 28.333895 113.335579
31.473301 151.828156 247.825696 60.085393 28.612092 114.448367
31.777898 153.209814 250.091432 60.666896 28.888998 115.555992
32.081018 154.581908 252.341842 61.245581 29.164562 116.658249
32.382607 155.944154 254.576469 61.821340 29.438734 117.754934
32.682608 157.296274 256.794856 62.394069 29.711462 118.845846
32.980966 158.637989 258.996551 62.963662 29.982696 119.930784
33.277625 159.969023 261.181103 63.530012 30.252387 121.009547
33.572533 161.289102 263.348068 64.093017 30.520484 122.081937
33.865633 162.597955 265.497003 64.652572 30.786939 123.147756
34.156872 163.895313 267.627470 65.208574 31.051702 124.206807
34.446196 165.180910 269.739033 65.760920 31.314724 125.258896
34.733553 166.454480 271.831263 66.309510 31.575957 126.303828
35.018888 167.715762 273.903731 66.854241 31.835353 127.341411
35.302150 168.964496 275.956014 67.395013 32.092863 128.371453
35.583285 170.200426 277.987696 67.931727 32.348441 129.393765
35.862243 171.423298 279.998359 68.464283 32.602039 130.408158
36.138972 172.632860 281.987595 68.992584 32.853611 131.414445
36.413421 173.828863 283.954996 69.516531 33.103110 132.412440
36.685539 175.011062 285.900163 70.036029 33.350490 133.401961
36.955276 176.179213 287.822697 70.550982 33.595706 134.382823
37.222583 177.333077 289.722207 71.061295 33.838712 135.354847
37.487410 178.472415 291.598304 71.566873 34.079463 136.317853
37.749708 179.596994 293.450606 72.067624 34.317916 137.271664
38.009429 180.706583 295.278735 72.563455 34.554026 138.216104
38.266525 181.800953 297.082317 73.054274 34.787750 139.150999
38.520948 182.879879 298.860985 73.539992 35.019044 140.076175
38.772653 183.943140 300.614376 74.020519 35.247866 140.991464
39.021592 184.990516 302.342132 74.495766 35.474174 141.896696
39.267719 186.021793 304.043900 74.965645 35.697926 142.791705
39.510989 187.036758 305.719333 75.430070 35.919081 143.676324
39.751358 188.035202 307.368089 75.888956 36.137598 144.550392
39.988781 189.016921 308.989832 76.342217 36.353437 145.413747
40.223213 189.981713 310.584230 76.789771 36.566558 146.266230
40.454613 190.929378 312.150958 77.231534 36.776921 147.107684
40.682937 191.859723 313.689697 77.667426 36.984488 147.937953
40.908144 192.772555 315.200133 78.097365 37.189221 148.756885
41.130191 193.667688 316.681956 78.521273 37.391082 149.564329
41.349037 194.544937 318.134866 78.939071 37.590034 150.360136
41.564644 195.404122 319.558564 79.350683 37.786040 151.144158
41.776970 196.245066 320.952762 79.756033 37.979063 151.916253
41.985976 197.067596 322.317173 80.155045 38.169069 152.676276
42.191624 197.871543 323.651521 80.547647 38.356022 153.424089
42.393877 198.656742 324.955532 80.933765 38.539888 154.159553
42.592697 199.423031 326.228940 81.313330 38.720633 154.882533
42.788046 200.170253 327.471486 81.686270 38.898224 155.592895
42.979890 200.898253 328.682916 82.052517 39.072627 156.290509
43.168192 201.606883 329.862982 82.412004 39.243811 156.975245
43.352919 202.295997 331.011444 82.764664 39.411745 157.646979
43.534036 202.965453 332.128068 83.110432 39.576396 158.305585
43.711509 203.615113 333.212625 83.449245 39.737736 158.950942
43.885306 204.244844 334.264894 83.781039 39.895733 159.582932
44.055396 204.854516 335.284661 84.105755 40.050360 160.201438
44.221745 205.444004 336.271718 84.423332 40.201587 160.806346
44.384325 206.013186 337.225862 84.733711 40.349386 161.397545
44.543104 206.561946 338.146900 85.036835 40.493731 161.974925
44.698054 207.090171 339.034643 85.332649 40.634595 162.538379
44.849147 207.597752 339.888910 85.621098 40.771951 163.087805
44.996353 208.084585 340.709526 85.902128 40.905775 163.623101
45.139646 208.550569 341.496325 86.175688 41.036042 164.144169
45.279000 208.995610 342.249146 86.441728 41.162728 164.650911
45.414390 209.419614 342.967835 86.700198 41.285809 165.143235
45.545789 209.822496 343.652246 86.951051 41.405262 165.621050
45.673174 210.204172 344.302238 87.194240 41.521067 166.084268
45.796521 210.564564 344.917679 87.429722 41.633201 166.532803
45.915808 210.903598 345.498444 87.657451 41.741643 166.966573
46.031012 211.221203 346.044413 87.877387 41.846375 167.385498
46.142113 211.517316 346.555477 88.089488 41.947375 167.789501
46.249089 211.791874 347.031529 88.293716 42.044627 168.178507
46.351922 212.044821 347.472474 88.490033 42.138111 168.552444
46.450592 212.276106 347.878221 88.678403 42.227811 168.911244
46.545081 212.485681 348.248687 88.858791 42.313710 169.254840
46.635371 212.673502 348.583797 89.031164 42.395792 169.583169
46.721447 212.839532 348.883482 89.195490 42.474043 169.896171
46.803291 212.983735 349.147681 89.351738 42.548447 170.193787
46.880890 213.106082 349.376341 89.499881 42.618991 170.475963
46.954228 213.206549 349.569414 89.639890 42.685662 170.742648
47.023292 213.285114 349.726862 89.771740 42.748448 170.993791
47.088070 213.341762 349.848651 89.895407 42.807337 171.229346
47.148549 213.376480 349.934758 90.010867 42.862318 171.449271
47.204719 213.389262 349.985164 90.118100 42.913381 171.653524
47.256569 213.389337 350.000000 90.217086 42.960517 171.842068
47.304089 213.389337 350.000000 90.307806 43.003717 172.014868
47.347270 213.389337 350.000000 90.390243 43.042973 172.171892
47.386106 213.389337 350.000000 90.464384 43.078278 172.313112
47.420588 213.389337 350.000000 90.530213 43.109625 172.438501
47.450710 213.389337 350.000000 90.587719 43.137009 172.548036
47.476467 213.389337 350.000000 90.636891 43.160424 172.641696
47.497853 213.389337 350.000000 90.677720 43.179867 172.719466
47.514866 213.389337 350.000000 90.710198 43.195333 172.781330
47.527501 213.389337 350.000000 90.734320 43.206819 172.827277
47.535757 213.389337 350.000000 90.750082 43.214325 172.857298
47.539632 213.389337 350.000000 90.757479 43.217847 172.871389
47.539125 213.389337 350.000000 90.756511 43.217386 172.869545
47.534236 213.389337 350.000000 90.747179 43.212942 172.851769
47.524967 213.389337 350.000000 90.729483 43.204515 172.818062
47.511319 213.389337 350.000000 90.703427 43.192108 172.768431
47.493294 213.389337 350.000000 90.669015 43.175722 172.702886
47.470896 213.389337 350.000000 90.626255 43.155360 172.621439
47.444128 213.389337 350.000000 90.575154 43.131026 172.524103
47.412997 213.389337 350.000000 90.515722 43.102725 172.410898
47.377507 213.389337 350.000000 90.447968 43.070461 172.281844
47.337666 213.389337 350.000000 90.371907 43.034241 172.136966
47.293479 213.389337 350.000000 90.287552 42.994072 171.976289
47.244957 213.389337 349.999636 90.194918 42.949961 171.799843
47.192107 213.388255 349.976677 90.094022 42.901915 171.607661
47.134939 213.370398 349.918009 89.984884 42.849945 171.399779
47.073464 213.330605 349.823645 89.867523 42.794058 171.176234
47.007694 213.268885 349.693603 89.741961 42.734267 170.937068
46.937639 213.185251 349.527909 89.608220 42.670581 170.682325
46.863314 213.079720 349.326599 89.466327 42.603013 170.412052
46.784732 212.952313 349.089712 89.316306 42.531574 170.126298
46.701907 212.803057 348.817297 89.158186 42.456279 169.825117
46.614855 212.631982 348.509410 88.991996 42.377141 169.508564
46.523592 212.439124 348.166113 88.817766 42.294174 169.176697
46.428134 212.224522 347.787477 88.635528 42.207394 168.829577
46.328499 211.988221 347.373579 88.445316 42.116817 168.467269
46.224706 211.730268 346.924503 88.247166 42.022460 168.089839
46.116773 211.450718 346.440341 88.041112 41.924339 167.697357
46.004721 211.149627 345.921191 87.827195 41.822474 167.289895
45.888570 210.827058 345.367161 87.605452 41.716882 166.867528
45.768342 210.483076 344.778362 87.375926 41.607584 166.430335
45.644059 210.117753 344.154916 87.138657 41.494599 165.978395
45.515743 209.731163 343.496948 86.893691 41.377948 165.511792
45.383418 209.323387 342.804594 86.641071 41.257653 165.030612
45.247110 208.894507 342.077995 86.380846 41.133736 164.534944
45.106842 208.444613 341.317298 86.113061 41.006220 164.024879
44.962640 207.973796 340.522660 85.837768 40.875128 163.500511
44.814533 207.482154 339.694243 85.555017 40.740484 162.961937
44.662545 206.969787 338.832214 85.264859 40.602314 162.409256
44.506707 206.436801 337.936752 84.967349 40.460642 161.842570
44.347045 205.883305 337.008037 84.662541 40.315496 161.261983
44.183591 205.309414 336.046260 84.350491 40.166901 160.667603
44.016373 204.715246 335.051618 84.031258 40.014885 160.059539
43.845423 204.100921 334.024312 83.704899 39.859476 159.437903
43.670773 203.466568 332.964552 83.371475 39.700702 158.802809
43.492453 202.812315 331.872556 83.031047 39.538594 158.154376
43.310498 202.138299 330.748545 82.683679 39.373180 157.492721
43.124941 201.444657 329.592750 82.329433 39.204492 156.817968
42.935816 200.731532 328.405405 81.968377 39.032560 156.130241
42.743158 199.999070 327.186754 81.600575 38.857417 155.429666
42.547003 199.247423 325.937045 81.226096 38.679093 154.716373
42.347386 198.476745 324.656533 80.845009 38.497623 153.990493
42.144344 197.687194 323.345479 80.457384 38.313040 153.252160
41.937915 196.878932 322.004151 80.063292 38.125377 152.501509
41.728137 196.052127 320.632823 79.662807 37.934670 151.738680
41.515049 195.206947 319.231774 79.256002 37.740953 150.963813
41.298689 194.343567 317.801291 78.842952 37.544263 150.177051
41.079098 193.462164 316.341665 78.423733 37.344635 149.378539
40.856317 192.562919 314.853194 77.998423 37.142106 148.568424
40.630385 191.646018 313.336183 77.567099 36.936714 147.746855
40.401346 190.711648 311.790940 77.129842 36.728496 146.913985
40.169240 189.760003 310.217781 76.686732 36.517491 146.069965
39.934112 188.791277 308.617026 76.237850 36.303738 145.214953
39.696004 187.805670 306.989004 75.783280 36.087276 144.349105
39.454960 186.803385 305.334046 75.323105 35.868145 143.472581
39.211024 185.784627 303.652489 74.857410 35.646386 142.585543
38.964243 184.749607 301.944677 74.386281 35.422039 141.688155
38.714660 183.698536 300.210958 73.909805 35.195145 140.780581
38.462322 182.631631 298.451687 73.428069 34.965747 139.862989
38.207276 181.549112 296.667222 72.941163 34.733887 138.935548
37.949568 180.451201 294.857927 72.449176 34.499608 137.998430
37.689247 179.338124 293.024172 71.952198 34.262952 137.051807
37.426359 178.210109 291.166330 71.450323 34.023963 136.095852
37.160955 177.067389 289.284782 70.943641 33.782686 135.130744
36.893081 175.910198 287.379911 70.432246 33.539165 134.156659
36.622789 174.738775 285.452105 69.916233 33.293444 133.173777
36.350127 173.553361 283.501758 69.395697 33.045570 132.182280
36.075146 172.354198 281.529269 68.870733 32.795587 131.182349
35.797897 171.141535 279.535039 68.341439 32.543543 130.174170
35.518430 169.915619 277.519476 67.807912 32.289482 129.157928
35.236798 168.676704 275.482991 67.270251 32.033453 128.133811
34.953052 167.425043 273.426000 66.728554 31.775502 127.102007
34.667244 166.160895 271.348922 66.182921 31.515677 126.062707
34.379428 164.884519 269.252181 65.633454 31.254026 125.016102
34.089656 163.596178 267.136206 65.080252 30.990596 123.962385
33.797981 162.296136 265.001428 64.523419 30.725438 122.901751
33.504458 160.984662 262.848282 63.963057 30.458598 121.834394
33.209141 159.662024 260.677208 63.399269 30.190128 120.760512
32.912083 158.328494 258.488649 62.832159 29.920076 119.680302
32.613340 156.984347 256.283053 62.261831 29.648491 118.593964
32.312967 155.629860 254.060868 61.688392 29.375425 117.501699
32.011019 154.265310 251.822548 61.111946 29.100927 116.403706
31.707552 152.890978 249.568551 60.532599 28.825047 115.300189
31.402622 151.507148 247.299336 59.950460 28.547838 114.191352
31.096284 150.114102 245.015366 59.365634 28.269349 113.077398
30.788596 148.712129 242.717108 58.778230 27.989633 111.958532
30.479615 147.301516 240.405030 58.188355 27.708741 110.834962
30.169396 145.882552 238.079604 57.596120 27.426724 109.706895
29.857998 144.455531 235.741305 57.001632 27.143634 108.574537
29.545477 143.020746 233.390610 56.405002 26.859525 107.438099
29.231892 141.578490 231.027999 55.806339 26.574447 106.297789
28.917300 140.129062 228.653954 55.205754 26.288454 105.153818
28.601759 138.672759 226.268959 54.603358 26.001599 104.006396
28.285327 137.209880 223.873502 53.999261 25.713934 102.855735
27.968063 135.740727 221.468070 53.393575 25.425512 101.702048
27.650025 134.265601 219.053155 52.786412 25.136387 100.545546
27.331272 132.784805 216.629250 52.177883 24.846611 99.386444
27.011862 131.298645 214.196849 51.568101 24.556238 98.224954
26.691855 129.807426 211.756449 50.957178 24.265323 97.061291
26.371309 128.311454 209.308548 50.345226 23.973917 95.895669
26.050284 126.811037 206.853645 49.732360 23.682076 94.728304
25.728838 125.306484 204.392242 49.118690 23.389852 93.559410
25.407031 123.798104 201.924840 48.504332 23.097301 92.389203
25.084922 122.286207 199.451944 47.889397 22.804475 91.217899
24.762571 120.771103 196.974057 47.273999 22.511428 90.045713
24.440037 119.253106 194.491686 46.658252 22.218215 88.872862
24.117379 117.732526 192.005337 46.042270 21.924890 87.699561
23.794658 116.209676 189.515518 45.426165 21.631507 86.526028
23.471931 114.684870 187.022737 44.810051 21.338120 85.352478
23.149260 113.158421 184.527501 44.194042 21.044782 84.179128
22.826703 111.630642 182.030322 43.578252 20.751549 83.006194
22.504320 110.101849 179.531708 42.962794 20.458473 81.833893
22.182171 108.572355 177.032169 42.347781 20.165610 80.662439
21.860314 107.042475 174.532215 41.733327 19.873013 79.492051
21.538809 105.512524 172.032357 41.119544 19.580735 78.322942
21.217715 103.982815 169.533104 40.506548 19.288832 77.155329
20.897092 102.453664 167.034967 39.894449 18.997357 75.989427
20.576999 100.925386 164.538455 39.283361 18.706363 74.825450
20.257494 99.398293 162.044079 38.673397 18.415904 73.663614
19.938636 97.872701 159.552346 38.064670 18.126033 72.504133
19.620485 96.348923 157.063766 37.457290 17.836805 71.347219
19.303099 94.827272 154.578847 36.851371 17.548272 70.193088
18.986536 93.308062 152.098095 36.247024 17.260488 69.041950
18.670855 91.791604 149.622016 35.644360 16.973505 67.894020
18.356114 90.278210 147.151117 35.043491 16.687377 66.749507
18.042371 88.768193 144.685901 34.444527 16.402156 65.608623
17.729684 87.261861 142.226872 33.847579 16.117895 64.471579
17.418111 85.759525 139.774531 33.252757 15.834646 63.338584
17.107708 84.261494 137.329378 32.660170 15.552462 62.209847
16.798533 82.768076 134.891914 32.069927 15.271394 61.085575
16.490644 81.279578 132.462634 31.482138 14.991494 59.965977
16.184096 79.796306 130.042036 30.896911 14.712815 58.851259
15.878947 78.318564 127.630612 30.314353 14.435406 57.741625
15.575252 76.846658 125.228856 29.734573 14.159320 56.637282
15.273069 75.380889 122.837256 29.157676 13.884608 55.538431
14.972451 73.921559 120.456302 28.583770 13.611319 54.445276
14.673455 72.468968 118.086480 28.012960 13.339505 53.358019
14.376136 71.023415 115.728271 27.445351 13.069215 52.276859
14.080549 69.585196 113.382160 26.881048 12.800499 51.201996
13.786748 68.154608 111.048622 26.320155 12.533407 50.133629
13.494787 66.731945 108.728136 25.762776 12.267988 49.071953
13.204721 65.317500 106.421175 25.209012 12.004291 48.017166
12.916602 63.911562 104.128209 24.658967 11.742365 46.969461
12.630483 62.514422 101.849706 24.112741 11.482258 45.929031
12.346419 61.126366 99.586132 23.570436 11.224017 44.896068
12.064460 59.747681 97.337948 23.032151 10.967691 43.870763
11.784659 58.378649 95.105614 22.497985 10.713326 42.853304
11.507067 57.019552 92.889584 21.968037 10.460970 41.843880
11.231736 55.670669 90.690310 21.442405 10.210669 40.842676
10.958716 54.332278 88.508243 20.921185 9.962469 39.849877
10.688058 53.004654 86.343827 20.404475 9.716416 38.865666
10.419812 51.688071 84.197503 19.892367 9.472556 37.890224
10.154026 50.382797 82.069711 19.384959 9.230933 36.923731
9.890750 49.089104 79.960883 18.882342 8.991591 35.966365
9.630033 47.807255 77.871451 18.384609 8.754576 35.018303
9.371923 46.537515 75.801840 17.891853 8.519930 34.079720
9.116467 45.280145 73.752474 17.404164 8.287697 33.150788
8.863712 44.035403 71.723770 16.921631 8.057920 32.231679
8.613705 42.803546 69.716143 16.444345 7.830641 31.322562
8.366491 41.584826 67.730002 15.972393 7.605901 30.423605
8.122118 40.379494 65.765752 15.505861 7.383743 29.534973
7.880629 39.187799 63.823795 15.044836 7.164208 28.656831
7.642069 38.009984 61.904526 14.589404 6.947335 27.789340
7.406482 36.846293 60.008337 14.139647 6.733165 26.932660
7.173911 35.696965 58.135616 13.695648 6.521737 26.086949
6.944400 34.562235 56.286744 13.257491 6.313091 25.252363
6.717990 33.442338 54.462099 12.825255 6.107264 24.429056
6.494724 32.337503 52.662053 12.399019 5.904295 23.617180
6.274643 31.247958 50.886974 11.978864 5.704221 22.816883
6.057787 30.173927 49.137224 11.564865 5.507079 22.028315
5.844195 29.115630 47.413159 11.157100 5.312905 21.251619
5.633908 28.073286 45.715132 10.755643 5.121735 20.486940
5.426965 27.047108 44.043489 10.360569 4.933605 19.734418
5.223403 26.037307 42.398572 9.971951 4.748548 18.994192
5.023260 25.044092 40.780715 9.589859 4.566600 18.266399
4.826572 24.067666 39.190250 9.214365 4.387793 17.551172
4.633377 23.108231 37.627501 8.845538 4.212161 16.848643
4.443709 22.165982 36.092786 8.483445 4.039736 16.158943
4.257604 21.241116 34.586419 8.128154 3.870549 15.482197
4.075096 20.333820 33.108708 7.779729 3.704633 14.818532
3.896219 19.444283 31.659954 7.438236 3.542017 14.168068
3.721005 18.572686 30.240452 7.103737 3.382732 13.530927
3.549487 17.719210 28.850492 6.776293 3.226806 12.907225
3.381696 16.884029 27.490358 6.455966 3.074270 12.297078
3.217664 16.067315 26.160328 6.142814 2.925149 11.700598
3.057421 15.269237 24.860673 5.836895 2.779474 11.117895
2.900996 14.489958 23.591658 5.538265 2.637269 10.549076
2.748418 13.729639 22.353542 5.246979 2.498561 9.994246
2.599715 12.988436 21.146578 4.963092 2.363377 9.453508
2.454914 12.266501 19.971012 4.686654 2.231740 8.926961
2.314043 11.563983 18.827084 4.417719 2.103676 8.414702
2.177127 10.881026 17.715027 4.156334 1.979207 7.916826
2.044192 10.217771 16.635069 3.902548 1.858356 7.433425
1.915261 9.574354 15.587430 3.656408 1.741147 6.964587
1.790360 8.950907 14.572323 3.417959 1.627600 6.510399
1.669510 8.347559 13.589956 3.187246 1.517736 6.070944
1.552734 7.764433 12.640530 2.964310 1.411576 5.646305
1.440054 7.201651 11.724237 2.749193 1.309140 5.236558
1.331490 6.659326 10.841266 2.541935 1.210445 4.841780
1.227062 6.137571 9.991795 2.342573 1.115511 4.462044
1.126790 5.636494 9.175999 2.151145 1.024355 4.097418
1.030692 5.156196 8.394045 1.967685 0.936993 3.747972
0.938786 4.696777 7.646091 1.792228 0.853442 3.413768
0.851089 4.258332 6.932290 1.624806 0.773717 3.094869
0.767617 3.840950 6.252788 1.465450 0.697833 2.791333
0.688385 3.444718 5.607724 1.314189 0.625804 2.503216
0.613407 3.069716 4.997229 1.171050 0.557643 2.230572
0.542699 2.716022 4.421428 1.036062 0.493363 1.973451
0.476272 2.383709 3.880438 0.909247 0.432975 1.731899
0.414140 2.072845 3.374370 0.790630 0.376491 1.505963
0.356313 1.783494 2.903327 0.680233 0.323921 1.295682
0.302802 1.515715 2.467405 0.578076 0.275274 1.101097
0.253617 1.269563 2.066694 0.484177 0.230561 0.922242
0.208767 1.045090 1.701274 0.398555 0.189788 0.759151
0.168260 0.842341 1.371221 0.321224 0.152964 0.611855
0.132104 0.661357 1.076601 0.252199 0.120095 0.480379
0.100306 0.502177 0.817476 0.191493 0.091187 0.364749
0.072871 0.364833 0.593897 0.139117 0.066246 0.264985
0.049804 0.249353 0.405911 0.095081 0.045277 0.181106
0.031110 0.155761 0.253556 0.059392 0.028282 0.113128
0.016792 0.084075 0.136863 0.032058 0.015266 0.061063
0.006853 0.034312 0.055855 0.013083 0.006230 0.024920
0.001294 0.006481 0.010550 0.002471 0.001177 0.004707
0.000000 0.000000 0.000000 0.000000 0.000000 0.000000
